Position:
  x: -7728
  y: 653
  z: 433
Rotation:
  pitch: 10.792779548862953
  roll: -0.6558800628226276
  yaw: -3.6476477587342813
