Position:
  x: -11099
  y: -3726
  z: 3974
Rotation:
  pitch: 37.14036960795406
  roll: -4.600988776667218
  yaw: -2.5137742142678574
