Position:
  x: 1135
  y: -7153
  z: 3862
Rotation:
  pitch: 37.540580479710655
  roll: -21.169774456320084
  yaw: 151.86845854803417
