Position:
  x: -8979
  y: 1933
  z: 319
Rotation:
  pitch: 12.208637900775052
  roll: -0.15135462534779492
  yaw: -20.098100030706675
